twiddle_cos[0] = {32'h00010000};	//1.0
twiddle_cos[1] = {32'h0000fb15};	//0.9807852804032304
twiddle_cos[2] = {32'h0000ec83};	//0.9238795325112867
twiddle_cos[3] = {32'h0000d4db};	//0.8314696123025452
twiddle_cos[4] = {32'h0000b505};	//0.7071067811865476
twiddle_cos[5] = {32'h00008e3a};	//0.5555702330196023
twiddle_cos[6] = {32'h000061f8};	//0.38268343236508984
twiddle_cos[7] = {32'h000031f1};	//0.19509032201612833
twiddle_cos[8] = {32'h00000000};	//6.123233995736766e-17
twiddle_cos[9] = {32'hffffce0f};	//-0.1950903220161282
twiddle_cos[10] = {32'hffff9e08};	//-0.3826834323650897
twiddle_cos[11] = {32'hffff71c6};	//-0.555570233019602
twiddle_cos[12] = {32'hffff4afb};	//-0.7071067811865475
twiddle_cos[13] = {32'hffff2b25};	//-0.8314696123025453
twiddle_cos[14] = {32'hffff137d};	//-0.9238795325112867
twiddle_cos[15] = {32'hffff04eb};	//-0.9807852804032304
twiddle_cos[16] = {32'hffff0000};	//-1.0
twiddle_cos[17] = {32'hffff04eb};	//-0.9807852804032304
twiddle_cos[18] = {32'hffff137d};	//-0.9238795325112868
twiddle_cos[19] = {32'hffff2b25};	//-0.8314696123025455
twiddle_cos[20] = {32'hffff4afb};	//-0.7071067811865477
twiddle_cos[21] = {32'hffff71c6};	//-0.5555702330196022
twiddle_cos[22] = {32'hffff9e08};	//-0.38268343236509034
twiddle_cos[23] = {32'hffffce0f};	//-0.19509032201612866
twiddle_cos[24] = {32'h00000000};	//-1.8369701987210297e-16
twiddle_cos[25] = {32'h000031f1};	//0.1950903220161283
twiddle_cos[26] = {32'h000061f8};	//0.38268343236509
twiddle_cos[27] = {32'h00008e3a};	//0.5555702330196018
twiddle_cos[28] = {32'h0000b505};	//0.7071067811865474
twiddle_cos[29] = {32'h0000d4db};	//0.8314696123025452
twiddle_cos[30] = {32'h0000ec83};	//0.9238795325112865
twiddle_cos[31] = {32'h0000fb15};	//0.9807852804032303
