twiddle_sin[0] = {32'h00000000};	//0.0
twiddle_sin[1] = {32'h000031f1};	//0.19509032201612825
twiddle_sin[2] = {32'h000061f8};	//0.3826834323650898
twiddle_sin[3] = {32'h00008e3a};	//0.5555702330196022
twiddle_sin[4] = {32'h0000b505};	//0.7071067811865476
twiddle_sin[5] = {32'h0000d4db};	//0.8314696123025452
twiddle_sin[6] = {32'h0000ec83};	//0.9238795325112867
twiddle_sin[7] = {32'h0000fb15};	//0.9807852804032304
twiddle_sin[8] = {32'h00010000};	//1.0
twiddle_sin[9] = {32'h0000fb15};	//0.9807852804032304
twiddle_sin[10] = {32'h0000ec83};	//0.9238795325112867
twiddle_sin[11] = {32'h0000d4db};	//0.8314696123025453
twiddle_sin[12] = {32'h0000b505};	//0.7071067811865476
twiddle_sin[13] = {32'h00008e3a};	//0.5555702330196022
twiddle_sin[14] = {32'h000061f8};	//0.3826834323650899
twiddle_sin[15] = {32'h000031f1};	//0.1950903220161286
twiddle_sin[16] = {32'h00000000};	//1.2246467991473532e-16
twiddle_sin[17] = {32'hffffce0f};	//-0.19509032201612836
twiddle_sin[18] = {32'hffff9e08};	//-0.38268343236508967
twiddle_sin[19] = {32'hffff71c6};	//-0.555570233019602
twiddle_sin[20] = {32'hffff4afb};	//-0.7071067811865475
twiddle_sin[21] = {32'hffff2b25};	//-0.8314696123025452
twiddle_sin[22] = {32'hffff137d};	//-0.9238795325112865
twiddle_sin[23] = {32'hffff04eb};	//-0.9807852804032303
twiddle_sin[24] = {32'hffff0000};	//-1.0
twiddle_sin[25] = {32'hffff04eb};	//-0.9807852804032304
twiddle_sin[26] = {32'hffff137d};	//-0.9238795325112866
twiddle_sin[27] = {32'hffff2b25};	//-0.8314696123025455
twiddle_sin[28] = {32'hffff4afb};	//-0.7071067811865477
twiddle_sin[29] = {32'hffff71c6};	//-0.5555702330196022
twiddle_sin[30] = {32'hffff9e08};	//-0.3826834323650904
twiddle_sin[31] = {32'hffffce0f};	//-0.19509032201612872
